0 27 28 20 23 31 26 29 24 32 22
1 33
2 36 42 40 35 39 38 37 34
3 45 51 55 54 46 44 50 56 48 57 47
4 66 65 59 70 68 69 63 64 62 67 71
5 77 79 73 81 74 72 80 78
6 92 84 87 89 66 82 91 90 83 75 85
7 98 100 101 94 97 103 96 95
8 44 108 114 105 112 51 111 109 55 107 113
9 116 79 115 87
10 123 120 124 125 118 119 126 96 100
11 134 55 79 87 74 131 129 127 136 128 137 135
12 143 147 145 138 141 153 142 140 146 150 139 149
13 165 155 154 160 157 166 158 162 163 53 156
14 169 178 170 172 167 131 173 179 175 183 168 171 182 98 177
15 133 186 79 185 78 137
16 189 192 193 194 188 191 190
17 200 198 36 197 201 196
18 204 79 135 205 177 207 185 202 74 184 132
19 214 213 211 210 220 212 216 209 102 125 219 208
20 225 226 228 222 227 224 36 34 109 229
21 74 230 233 235 236 232 234
22 239 130 238 72 135 237 88 73 79 75
23 249 246 3 247 244 250 251 248 245 241
24 252 187 255 104 34 80 40 254
25 257 263 265 260 261 256 28 26 264
26 185 47 80 135 77
27 55 270 268 115 133 171 79
28 155 273 265 227 275 254 272 274 271
29 96 52 278 281 279 221 282 210
30 291 286 288 290 34 287 285 289 42 40
31 295 294 292 296 293 36 297 159
32 299 298
33 199 301 208 303 267 304 47 210
34 308 318 313 307 164 312 316 309 310 311 317
35 55 119 293
36 328 326 320 327 322 323 6 319
37 329 331 341 336 15 345 338 343 342 340 332 334 333 337
38 347 349 250 348 350 241
39 41 45 96 353 252 355 133 55
40 24 360 359 80 118 358 361 356 96 46 357 155
41 109 7 34 191 362
42 369 371 368 370 365 81 364 367 171 372 366 74 204 363
43 376 184 80 134 363 185 375 374 87
44 127 115 79 77 378 74 184 377
45 380 379 381 254 145 61
46 73 74 382 384 78 16 386 54
47 52 55 37 46 389 392 390 187 356 387 388 105
48 209 242 395 393 346 42 325
49 397 396 398 403 399 400 208 402 401
50 74 127 120 72 130 132 87
51 408 409 405 72 74 133 407 406 127 87
52 423 426 412 417 376 424 414 411 425 422 70 415 420 419 413
53 105 391 429 430 37 109 55 428
54 118 185 302 105 364 96 46 431
55 437 436 232 79 185 435 184 377 433
56 293 100 444 446 440 445 286 96 441 447 443 439 442
57 455 453 45 197 450 452 456 457 462 465 464 158 463 451 449 459
58 470 61 468 165 466 471 472 467
59 354 477 479 445 478 74 52 24 474
60 36 141 481 40
61 487 489 490 486 482 492 356 485 488 483
62 47 208 494 210 493 495
63 26 503 499 275 487 260 227 498 502 501 500
64 507 73 130 135 128 58 81 77
65 511 510 518 517 422 519 155 512 520 67 521 156 508 515 514 419
66 107 524 46 392 530 36 525 527 522 526 295 529
67 42 536 531 250 534 285 242 245 535 533
68 22 117 185 540 66 127 80 254 539 72
69 542 25 441 28 545 275 257 446 544 221 331 543
70 551 550 559 126 557 552 558 555 554 171 548 549
71 96 560 135 254 130 102 133 376 374
72 99 564 566 93 565 562
73 107 46 252 571 136 570 568 528 569 391 567 573
74 314 220 460 575 577 579 580 581 155 119 582
75 583 399 79 55 76 75 206
76 588 586 199 208 585 589 303
77 593 605 592 597 595 598 70 594 590 596 600 591 604 606
78 621 608 618 611 111 617 612 610 619 614 613 102 609 616 620
79 640 643 623 635 622 44 638 628 629 631 633 636 637 626 625 644 634 627 630 646 642
80 242 325 347 52 190
81 474 221 242 34 649 648 210 655 252 656 652 650
82 212 125 218 213 208 220 432 657
83 87 372 74 660 662 81 127 115 185
84 614 668 163 54 664 667 159 666 663 48 45 151 670 111
85 301 96 55 46 267 127 671 47
86 674 673 672 133
87 676 275 684 541 685 164 307 677 688 546 678 686 682 689 683 681
88 693 691 184 72 535 98 74 690
89 223 695 105 53 670 697 111
90 185 572 698 87 134 135 206 700 118 74 184
91 702 87 701 52 399 26 133
92 704 575 107 710 705 46 610 165 709 703 523 711 708
93 127 78 87 538
94 357 45 187 105 572 55 96 445
95 37 686 133 712 70 354
96 47 199 713 303 52 184 714 267
97 718 67 717 719 608 715 716
98 498 133 96 720 445 275 55 24
99 78 391 325 42 188 723 302 726 722
100 460 198 196 156 732 731 733 314 155 729 689 509 727 728
101 737 102 391 734 155 291 735
102 475 250 545 738 325 740 739 97
103 748 743 745 741 742 393 753 315 746 7 34 752 12 744 749 747
104 757 756 754 105
105 96 93 87 759 760 101 99 566 761 66 762
106 100 764 528 765 766 46 155 769 763 770
107 96 772 245 285 771 774 776 124 773
108 40 777 191 105
109 785 783 788 781 782 780 774 778 779
110 792 796 157 128 507 789 793 790 791 419 795 418
111 191 96 798 28 542 257 116 799
112 96 801 802 493 216
113 459 803 531 34 804 245 806 807 588 242 805 42 655
114 808 96 399 270 81 377 137 118
115 126 364 560 96
116 160 816 148 817 814 818 813 811 810 819 820
117 199 24 703 361 528 824 826 708 822 111 208 825 767 827 119
118 118 476 445 133 493 100
119 829 133 828
120 115 41 118 832 188 80 79 63
121 754 504 756 118 834 835
122 838 839 840 114 542 715 837 252
123 137 79 237 127 842 66 104 185 378 72 91
124 91 66 131 378 372 87 127 254 132
125 854 849 851 844 845 856 510 848 855 597 852 843 850
126 185 134 135 130 206 261 376 74 131 79
127 377 254 206 171 81 130 79 135 75 364
128 135 374 373 98 73 698 79 87 254
129 4 126 237 185 13 334 446 859 254 98 0 858
130 115 98 132 79 87 74 377 862
131 864 127 399 22 863 61
132 126 96 873 118 874 872 427 871 242
133 46 154 516 876 57 48 877 54 105 875
134 880 879 221 881
135 277 886 884 887 882 307 617 227 885 799 161 891 883 889
136 892 191 90 893 894
137 898 77 80 81 127 897
138 900 137 76 389 78 115 777 832
139 758 75 373 566 79 135 87
140 134 47 254 87 127 902 237 901
141 909 165 905 508 907 903 286 906 904 908 733 109 913 914 911
142 126 699 915 118 109
143 916 699 917 87 377 66
144 80 188 918 134 560 45 917
145 772 102 206 46 922 919 78 921 79
146 43 104 927 27 929 925 924 930 54 655 756 55 926 126
147 47 8 126 871 118 302 7 17 102
148 932 942 943 935 944 937 938 941 934 940 277 939
149 52 133 946 36 37 46
150 948 36 805 949
151 954 900 206 953 79 137 950 951 955 98 238 75 952 832
152 352 27 956 137 237 268 52 66 385 74 81 43 957
153 654 100 870 973 972 835 971 211 969 968 17
154 976 472 721 863 900 79 977
155 982 377 988 987 981 986 985 983 979 984
156 34 45 159 42 495 286 990
157 998 999 527 475 44 54 1000 997
158 513 111 708 508 163 1008 1009 1005 1010 1006 1007 516 517 509 196 159
159 401 220 393 242 1013 481 1012
160 413 136 572 52 46 57 187 133 708 111
161 1015 187 55 199 107 119 356 1014 72 46 361 608 190
162 918 109 105 302 1016 188 36
163 1017 45 52 1018
164 674 377 473 979
165 196 107 799 111 16 498 1020 54
166 362 100 42 34 930 654 657 289 109 1021 250 36
167 655 42 217 941 774 211 996 289 740 1023 879 1022
168 89 118 528 96 1025 765
169 1031 35 1030 1027 1033 308 197 1034 928
170 476 477
171 1043 1036 1039 1037 1035 1044 1038 1040 1041
172 1047 36 445 277 145 354 883 52 1045
173 34 883 24 36 104 1048 1049 126
174 1053 257 271 24 1055 1059 650 1052 221 1054 1060 118
175 127 1061 772 52 714 376 1025 126 102
176 498 1062 34 36 879 191 483 1057
177 119 221 1063 712 210 286 118 109
178 1064 1068 1069 276 798 1066 1067 1065
179 474 1074 1072 245 956 37 52 1073
180 1076 1077 1075
181 131 1083 24 137 1081 1084 1078 357 1080 852
182 1087 36 1085 1039 56 456 854 223 1086
183 1088 36 52 141 1090 151 1091 105
184 523 46 118 105 133 190 765 293 52 109
185 219 210 325 212 776 124 823 1097 1099 46 286
186 357 442 1106 55 30 36 191 1107
187 1111 1114 1110 252 126 1112 555 1113
188 219 1117 242 740 1116 217 1118 1115
189 1123 214 1120 215 303 208 1121 1122
190 1132 1125 1133 1135 1131 1128 1015 305 1127 1134 1130 1124
191 97 1136 1137 659 254 577 303 770 1100
192 46 1139 223 413 252 187 474 863
193 90 906 302 1144 1142 72 254 378 382 1145 305
194 1147 1152 1151 395 393 1148 12 3 1146 545 1149
195 133 1154 79 171 560 87 75 115 1153 127 47 81
196 52 192 445 1155
197 1157 569 44 528 445 392 4 13 129
198 1158 806 243 1161 1160 1159 536 1164 245 1165 1163 532 347 1166 250
199 96 46 52 119 212 70 597 36 102
200 87 380 538 897
201 1173 1169 1023 1168 1172
202 1177 275 1178 498 231 1175 80 295 891 445 1176 1174
203 1179 932 541 1094
204 224 771 303 36
205 1180 95 575 714 96 78 89 114 118 286 754
206 154 55 1183 46 1182 1181 109 607
207 1188 951 832 237 75 87 79
208 85 883 608 277
209 800 1077 581 218 1189
210 376 135 185 79 134 184 254
211 1190 101 184 759 761 127 98 99 758 566
212 51 1193 53 719 297 1194 1192
213 540 223 1196 128 87 1195 47 1197 802 968
214 1199 267 87 115 1198
215 135 1201 77 132 80 87 81 72
216 77 1203 73 1202 1204 87 692 1205
217 55 96 698 254 1208 376 1207 861
218 1210 1212 67 96 1209 74 735 601
219 1217 1214 927 7 655 211 806 250 42 1215 36 1213
220 389 694 52 55 136 126 45 1219
221 36 57 53 105 46 111 571 221
222 1222 362 1220 450 1223 109
223 404 118 98 376
224 42 1226 109 654 3 1225 1227 34
225 74 87 1228 77 75 1229 202 372
226 72 237 483 24 104 131 22 137 252
227 55 47 1230 920 46 52 1231 190 118 133 61
228 808 1242 1238 1239 1240 1040 1243
229 98 274 263 81 698 131 538 79 87 1244 185 78 72
230 303 802 47 1246 210 96 808 253 772 902 118 79
231 362 191 426 1249 42 1250 53 1247 936 941 1251
232 1252 1255 105 1253 325 46 1183
233 137 385 1257 131 185 1218 951 79 361 184 98
234 134 63 918 237 1260 91 539 61 364 88 87 1259 171
235 1180 1263 920 1262 102 1261 219
236 52 727 477 314 1264 707 482 460 1265 465 155
237 41 87 1259 1260 45 61 63 917 1200
238 345 343 971 8 1271 17 329 0 13 333 1269 1273 4 332 337 1268 307 336 331 15
239 254 437 184 185 87 919 73 1274 133 206
240 1276 897 438 558 130 1279 442 1278 1275 673 126
241 376 1282 208 494 96 303 102 1283 1281
242 1029 1284 1285 1292 924 1147 1290 1289 1286 286 1291 450
243 544 257 1293 542 1278 1294 879 276 96 499 442
244 192 1093 1295 1296 38 261
245 286 1297 165 776 280 102 1012
246 41 221 252 499 355 385 1298 190 353
247 110 377 78 79 184 185 1018 137
248 1299 1302 1300 1301 542
249 253 659 60 738 1303 542 96
250 1304 764 107 770
251 363 73 184 87 79 206 1201 171
252 406 802 1311 1312 119 1030 1309 1313 96 1310
253 66 1317 1315 1316 953 1314
254 499 1318 13 109 257
255 7 11 331 1320 1319 57 35 1321 52 857 13 6
256 399 98 377 1322 373 1323
257 1172 1119 398 302 212 1261 118
258 36 863 1324 1327 507 1326 358 438 275 110 1328
259 805 96 241 1330 1329 1332
260 109 1249 228 673 34 1333 52 1334
261 1338 20 854 1336 483 1337 1335 479 1339 474 261
262 1341 1342 531 575 119 286 756
263 250 998 96 1022 102 133
264 77 399 115 74 98 373 117 133
265 1346 52 286 109 1345 1347 1351 36 278 1350
266 105 107 96 80 133 52 78 36 102 55 46 920
267 1353 361 1352 276 1057
268 1356 1360 1359 184 538 1361 382 1355 1358 1357
269 36 34 109 1362
270 1364 1365 1366 1363
271 1372 1374 1371 200 52 1369 1333 406 1368 1375
272 241 941 36 52 242 392
273 1379 1377 1380 1382 1378 1381
274 1386 453 53 1385 1388 1389 1390 223 163 159 1253 1387 56 863
275 1392 61 1391 1396 46 1393 1140 863 1394 78
276 1400 1399 413 391 41 190 863 133 105 1398 46
277 1397 1253 1402 1401 43 190
278 528 171 127 469 863 235 55
279 75 1403 66 73 135 1258 126
280 55 920 187 788 138 102 325
281 483 136 36 878 1405 956 277 1315 1406 1407 354 1404
282 118 98 80 55 74 133 96 185
283 13 227 96 116 118 1408 445
284 1234 21 1374 200
285 243 210 242 1224
286 137 1409 1410 72 1412 378 376 130 77 1411 237 1413 135
287 1415 918 572 1218 235 1416 821 22
288 758 78 99 566 1419 1420 1199 93
289 15 1117 217 1029 241 5 4 333 7
290 1423 52 1186 41 1424 699 118 1185
291 80 55 105 127 46 863 47 96
292 1426 96 125 771 46 738 119 543 1425 1427 1428
293 1435 1432 52 1429 1430 1434 1431 36 556
294 356 979 267 128 87 136 1436
295 1262 210 827 1131 46 1437
296 8 1444 1441 902 53 1442 307 110 332 147 681 184 329 1443 886 21
297 325 126 1446 1445 216
298 1450 210 1344 376 137 128 206 118 136 1449 77 1451
299 1454 42 250 241 289 284 1453 36 1445 1216
300 331 460 0 732 341 1275 478 1456 6
301 399 560 134 96 976 127 79 135
302 269 1457 268 137 692 81 1408 1258 98
303 1459 105 859 1460 46 254 280 1458
304 117 237 385 46 1257 236 52 127 72 61 74 1461
305 437 78 184 171 185 87 538
306 91 98 254 919 399 923 1462 372
307 1464 377 63 77 75 134 863
308 66 87 1465 1026 96 1466 1185
309 1467 946 46 190 523 52 392 96 740 1103
310 551 1469 433 171 41 126 118 145 45
311 196 771 197 118 24 96 673 35 438 1471 729 253
312 1475 1473 3 1472
313 1476 36 1330
314 79 77 538 98 87 80 135 133 134 130
315 126 1026 1478 1477 1479 80
316 962 1482 508 1480 1486 1485 510 314 1481 1010
317 221 295 24 1488 474 190 956 107 52 1487
318 241 1489 1491 1490
319 1495 1494 1492 293 1493 277
320 413 1496 141 1138 187 708 359
321 114 528 392 1174 295 55 861 102 134 105
322 376 1248 1497 1498 102 118
323 863 87 127 1499 184
324 460 111 1502 589 708 1097 863 1503
325 171 237 74 540 539 87 385 66
326 923 184 47 79 1258 267 1409 434 78 133
327 538 184 238 22 1505 133 725 377 131
328 136 184 79 185 87 374
329 185 79 1200 1506 96 87 98
330 137 118 55 80
331 1507 304 187 303 199
332 295 460 187 1509 155 1510 104 1511 1508 1138 293 57
333 442 486 1100 46 1496 1514 35 1517 360 155 1513 158 1515
334 1521 799 1277 498 1520 500 1293 30 1352 1519
335 442
336 127 133 377 171 87 74
337 102 78 55 1525 118 267 1524
338 210 1342 392 738
339 141 608 909 1527 48 471 36 297
340 1530 1531 867 1514 1374 30 958 1533 1528 1534 1105
341 156 735 516 1416 1514 888 1537 1535 615 1536 196 362
342 46 906 528 102 119 833 78 1539 1540
343 1544 1047 1325 1004 1542 104 1174 1541 462 1546 883 1545
344 106 1547 878 46 105 1396 764
345 1098 22 235 80 1550 37 133 1549
346 476 577 659 445
347 133 756 60 1551 38 96 100
348 26
349 79 399 799 232 185 377 674
350 241 1552 476 36
351 245 347 989 1248 1224 1175 7 1554 242 535 42 250
352 897 36 52 145 542 118
353 115 1557 72 73 135 77 79 81
354 1561 1000 1565 520 665 419 1559 157 1562 20 1567 1516 417 1566 357 1563
355 366 235 133 75 1324 859 91 270 1570 252 392 37
356 98 118 79 184 557 78 126 55
357 1574 1445 236 1571 36 102 1572 651
358 1576 1235 1578 45 361 418 1337 1577 137 1469
359 544 1277 673 1276 1582 740 126 100 217 1518 442 1583 1580 96 800 1551
360 98 73 171 135 81 77
361 96 118 304 60
362 91 1590 78 45 377 102 1591 276
363 1592 302 1503 252 46 276 280 1095 47 1593
364 1016 1597 1399 1596 1185 1322 60 1254
365 216 393 395 52 1189 325
366 13 1599 357 192 356 1600 227 1598
367 13 1347 887 320 1601 654 1348 4 860 0 857 254 334
368 114 46 418 36 279 523 467 155
369 434 560 134 185 115 377 74 832 254 47
370 185 859 184 434 363 1602 254 74 361
371 802 87 776 1603
372 393 325 1276
373 47 1606 185 136 98 1609 972 1607 1604 4 1608 1315
374 210 1261 1115 96 1363 494 102 1611 1610 1172
375 72 1614 79 77 74 128 1258 87 88 127 1202 117 135
376 1616 34 930 36 531 1615 362 879
377 356 1517 107 275 1620 852 1617 484 1618 611 1619 1080 1586
378 55 388 523 46
379 41 118 127 55 136 389 1448
380 266 305 1622 1621
381 1629 601 128 87 1624 1625 1630 120 1623 1628 70
382 46 1230 435 134 863 471 127 1231 1631 895 467
383 560 376 75 96 1633 52 127 1011
384 171 87 134 76 185 863 79 133
385 127 134 254 171 78 98 923 185
386 1646 1638 1502 1636 1647 1644 1635 1642 1645 928 1639 1643 1641 677 1637 727 1634 1640 308 35
387 87 237 353 75 72
388 236 163 235 1648 159 1556 878 282 106 1649 511 1650
389 1652 1202 1258 77 81 130 192 538 373 253 87
390 1660 1655 1659 1658 267 1653 37 1661 1657
391 134 87 74 1091 127 75
392 257 445 191 1667 1666 133 26 1665
393 654 1669 1670 40 756 7 325 250 213
394 75 79 118 98 538 80 87 206 185
395 1136 35 24 158 1530 165 195 483 462 196 1528 1671 38 928 155 198
396 1675 102 136 1589 280 507 1502 128
397 257 1677 499 1353 1660 161 1676
398 1679 1476 257 1680 799
399 756 52 267 46 102 105 114 242 96
400 210 427 920 52 771 119 133
401 1682 7 125 9 1685 1554 242 1683 1681 477 1687
402 1467 1689 1688 362 51 617 1326 163 1543
403 304 494 863 1503 303 708 1691 822 776 199 280
404 1692 55 1327 922 354 1693 1345
405 1504 79 238 915 1696 1695 98 88
406 799 1348 1700 1269 498 1267 1701 11 1273 971 6 1272 337 60 10 1698
407 1702 70 794 790 796 1709 795 1705 1623 1707 67 128 1704 1710 1703 1711
408 516 704 764 1586 1088 508 703 53 54 111 158 196 295 616 56 154
409 766 507 131 24 852 1713 293 55 1574 356 1445
410 13 1714 1716 1133 445 270 1715
411 1719 21 42 632 36 640 1718 34 1721 1720
412 1640 1724 1639 1723 964 393 1722 4
413 224 438 1046 354 1725 1045 499 445
414 195 967 200 1728 1729 508
415 928 36 1214 42 803 7 97
416 362 1733 1735 34 929 228 451 42 1673 36
417 96 80 87 185 78 79 1736 184
418 276 26 257 141 788 191 1737 1293
419 1738 141 109 863
420 1269 3844 226 2858 227 320 3845 887 1271 3843 2572 676 678 541 356 307 960 224 883
421 196 155 975 886 654 1338 684 307 24 1739 460 498 286
422 1185 1186 171 1741 1424 134 1736
423 777 1746 97 42 1747 1744 244 1743 250 126 243
424 47 1502 155 36 118 126 46 107
425 1748 1749 242 805 788
426 1311 196 356 1342 493 155 438 109
427 52 20 252 1751 787 1752 133
428 719 557 54 51 670 1753 1416
429 729 60 478 554 1754 447 895 195
430 190 187 1757 1758 697 1759 55 1755 1756 571
431 112 52 388 1103 389 190 354 109 766 516 392 54
432 539 254 134 1200 80 98 472 126
433 1774 1772 49 1764 1771 1770 1767 1769 1773 1768 1763 1762
434 799 681 1775 353 554
435 36 1777 250 126 1776 1778 211 1395 1166
436 185 919 171 377 74 127
437 36 111
438 1185 1258 135 185 130 118 80 55
439 809 1786 1784 75 1788 134 1787 385 91 127 1780 1783 1590 1779
440 96 100 1789 1790 1312 253 358 1234 1791
441 45 293 1792 118 712 528 188 190 389 105 46 55
442 47 96 571 55 120 107 696 293
443 77 47 127 66 87 433 80
444 1253 102 920 1133 1261 1172 941
445 81 897 133 135
446 25 686 1529 275 1795 500 260 498 1796
447 78 254 131 104 187 863 413 127
448 473 190 858 1797 102 55
449 254 729 52 155 738 476 100
450 1662 1804 229 325 1803 52 197 1802 1805
451 66 87 135
452 184 377 1806 951 406 98
453 608 1807 46 109 391 190 60 105
454 141 1617 36 1140
455 1608 46 545 1809 105 47 126 863 915 78
456 788 147 1810 1811 991 36 34
457 511 1816 715 1812 56 1815 1814
458 30 96 445 1818
459 184 237 1820 79 185 72 1819 137 132 74
460 830 79 206 87 1821
461 13 36 277 1303 3 332 329 42 4 334 126
462 74 91 79 538 134
463 74 41 75 80 58 87 590 81
464 126 1315 245 446 445 109
465 1823 155 1822 479 196 800 1487
466 832 41 1461 127 254 184 87 79
467 135 72 237 539 87 1824
468 1825 442 376 79 361 127 87 1412 171
469 185 102 376 47 78 36
470 227 1699 343 118 4 1422 15 1828 1829 1827
471 1830 1832 1831 1834 1838 1051 1836 1348 1833 1346 1345 46
472 1847 1841 1846 1842 1844 1839 1840 290 1848
473 1849 210 184 209 1297 52 118
474 96 118 1419 1346
475 55 111 765 57 36 109 442 105
476 211 210 43 217 1262 860 100
477 767 1850 388 187 118 1854 53 1851 46 528 766 24 1853 1852
478 1858 406 254 118 47 185 916 399 1856 184 473 378
479 715 512 1859 111 46 695 1678 878 1861 508 1393 1860
480 1863 915 1862 277 102 304 1315 254
481 1865 163 187 295 510 422 852 56 821
482 87 135 185 206 560
483 1321 477 285 245 96 241 40
484 43 13 915 445 1866 771 442 227 498 1341
485 1868 46 1172 219 96 1870 1180 776 105 714 47 301
486 36 46 235 112 105 608 1875 141
487 802 352 47 302 714 756 303
488 771 105 102 52 899 128 998
489 1258 374 1325 137 957 233 698 117
490 1362 1879 1734 362 1491 36 879 1533
491 1725 1545 192 1821 918 1882 1881 55 854 1385 1883
492 267 184 79 185 127 1324 135 78
493 102 303 302 714 1297 305 266 920 52
494 1601 1886 558 893 66 1884 383 547 662
495 135 87 80 73 72
496 80 832 917 538 830 377 1230 1887 74 399
497 364 542 41 52
498 363 79 698 1888 1199 52
499 135 74 1890 538 1889 130 374 80
500 445 1057 109 40 1891 66 96 1411 118 47 1893
501 1493 799 889 25 1174 277 22 104 499
502 362 774 1895 1397 36
503 35 104 24 40 245 114 286 22
504 1897 1898 1078 1020 1031 213 1804 926
505 1651 133 96 47 1899 1122 494 126
506 883 42 1290 34 36 1903 9 740 1902 242 1901
507 306 105 228 1664 223 765 109 939 36
508 1029 1148 1907 1904 1906 1905 42 18 12 9 996 749
509 1214 36 1105 1812 1909 867
510 44 42 216 1910 788 1445
511 154 118 1911 1777 55 1168 1020
512 1912 576 1914 1913
513 1916 66 87 132
514 81 1921 1920 1919 88 1917 1549 237
515 1922 41 442 50 438 358 261 1197
516 1374 443 126 675 334 332 335 1315 1925 1311 329 15 337 8 1608
517 132
518 1928 1927 52 1662 1926
519 223 277 4 45 356 1929 190 107 0 257
520 1935 1936 1228 1932 1930 1939 1711 1931 1938 1207 1933 1202 1937 1613 58 1232
521 1940 232 1941 1439
522 1947 1942 147 1948 820 785 1191 1943 1945 146
523 1949 1257 161 221 257 858 24 275 1950 445
524 345 8 354 1807 1951 1493 329 337
525 111 159 48 16 878 1650 511 282
526 74 52 492 72 55 1952 46 353
527 467 1259 1231 87 133 80
528 80 1953 590 1957 128 1956 376 70 1624 1627 1955 1629
529 133 202 74 87 117 957 862 230 116 204
530 237 79 171 132 919 361 1959
531 1961 1963 1628 1964 1960 602 1706 1962 790 795
532 560 119 96 118
533 445 442 118 80 46 87 133
534 1972 1042 1967 25 1496 1236 1966 143 727 1969 223 474 1970
535 474 55 36 227 1973 445
536 376 47 714 184 185 713 301 494 266
537 1977 1979 1980 1554 1123 242 1976 325
538 192 712 208 1984 1022 210 1986 1982 0 45 1583 1981 1985 42
539 52 167 74 66 1987 1771 956
540 398 208 1075 218 1501 220 1076 212
541 35 802 118 210 438 199 1031
542 1808 1989 377
543 2394 52 1203 1204 692 55 268 522 3047 1001 41 554
544 242 1991 771 12 1990 1992
545 208 1662 36 212 1994 42 34 125 124
546 206 376 185 365 202 363 560 171 364 1186
547 1996 118 1997 96 206 130
548 727 1999 1998 176 80
549 185 2001 115 206 2000 368 437
550 52 199 47 36 55 494 302 776 2002
551 347 250 245 243 242 346 350 325
552 1794 277 799 25 275 498 933 329
553 1050 557 80 413 73 78 1278 544
554 2009 459 2006 2007 1042 2008 442 632 1312 1721
555 2012 109 657 904 1389 35 2017 2016 826 2019 102 2015 2013
556 438 765 52 2020 528 388 1328 2022 2021
557 66 192 72 127 126 87 74 151 1277
558 102 2026 2027 1174 651 2028 2029 1713 36
559 472 109 1347 20 57 34 2031 220 2030
560 287 2033 741 2032
561 2037 2041 2040 2035 2039 2043 867 2034 2038 2036
562 413 572 55 187 115 293
563 1235 257 1138 413 295 1237 107 1083 187 112 2046 293 131 2047 22
564 1406 413 132 572 230 957 55 105 237 1095 46 361
565 45 55 2048 495
566 2049 47 46 776
567 216 756 740 2051 394 325
568 1931 1232 58 1202 2053 81 135 1932 77 87
569 827 1497 2056 2055
570 392 107 528 46 55 764 102
571 250 134 47 118 97 681 857 389
572 544 75 87 99 1277 1278 184 118 2059 442 93 96
573 109 159 34 155 959 221 111 36
574 109 1526 114 42 36 362 1362 286
575 45 438 2062 96 1312 1046 36
576 516 1545 297 2067 888 2063 1343 1174 196 2066 2064 2065 708 1738 356
577 1346 61 487 1402 243 673 1601
578 105 528 1545 24 46 109 2068 1521 821
579 188 918 2069 36 55 523 105 53 652 109
580 241 46 535 55 105 190 528 41
581 133 956 184 72 87 46 75 74 127
582 210 105 1322 2073 2072 1523 96 47 124 188 212 917
583 41 377 75 2077
584 774 1349 1923 278 46 2080 2081 777 110 2078 57
585 2082 72 2084 2085 87 378 74 238 674
586 55 2087 754 2086
587 72 135 87 78
588 2088 1310 253 129 2090 1082 2089 24 261 353 263 98
589 188 1140 52 141 36 548 362
590 2092 2091 267 96 1457 694 184 47 1694 650 916 352 78 1278 239 1002
591 146 785 774 66 145 147 2097 144 2098 2099 191 2094
592 1542 957 109 110 2070 2051 297 882 1047 1476 141 1174
593 1345 1051 286 1048 34 36 2101 165 1973 2103
594 2108 1435 2110 2109 2106 547 2111 548 66 2107 478 145 551 2112
595 185 206 376 80 79 133 96 374
596 109 1545 2113 460 165 252 883 22 158 732
597 250 211 535 2114 1290 803 52 756 210 217
598 130 55 2115 442 2116 190 96 301 118
599 254 1818 127 74 1084 957 2117
600 439 96 2118 286 2121 2120 307
601 126 2128 286 2129 2126 2127 1276 2124 42 438 442 362 2125
602 2132 87 74 127 133 1202
603 2133 271
604 761 659 1551 118 96 438 566 475 577 254
605 295 1080 445 2135 1328 361 1950 457 24 22 2134 132
606 87 237 115 1583 528 118 75 46 656 377 202
607 2136 2141 2084 1751 2138 2137 269 2139 2140 1654
608 2142 2011 1761 2144 634 2143
609 1018 1621 1899 91 1188 1122 2148
610 245 2149
611 1396 1248 453 2153 1497 165 2151 1650 56 280 159 1088
612 2154 354 356 2155 574 445 275 357
613 2157 2158 2156 934 1444 883 1315 1493
614 127 79 80 130 133 87
615 52 243 1523 560 250 188 543 1253
616 134 254 2160 2159 830 560 919 79
617 74 1393 708 361 570 295 2161 382 1818 525 190 46 55
618 118 1736 1185 133 99 1186
619 1501 802 770 52 589 358 1593 302 210 102 713
620 399 2074 102 1392 554 2162
621 1258 98 185 135 758 131 1414 127 1200
622 187 230 261 87 1818 104 132 131 137
623 325 654 2166 2165 306
624 2171 1641 393 2169 325 2172 740 2170 2167 1906 74 2168
625 188 52 2173 777 1263
626 385 132 2174 74 130 98 87 203 127 2071 117
627 185 477 237 1115 96 80 206 1244 263 1820 79
628 1098 39 776 1503 199 477 118 2 47
629 118 699 206 78 133 374 63 80 184 130
630 933 1057 2178 2179 883 497 499 1476 498 1794 257 26 1495
631 254 538 2182 2183 135 127 919 1258 80 79 185
632 47 871 141 695 42 70
633 118 329 37 343 293 257 4 445 28
634 933 934 882 937 686 388 498 224
635 105 41 1259 102 87 91 47 46 184 32
636 374 118 80 1275 547 135 75 79
637 202 22 132 185 135 74 1412
638 22 2186 137 24 192 1459 187 45
639 2189 257 2187 2034 2190 258 2188 2096
640 55 2192 53 1092 607 882 54 131 102 1174 106 1587
641 2196 1235 2194 13 2120 2195 332
642 198 2199 481 35 805 1330 2198 158 37 221 165 36
643 1303 52 755
644 196 21 732 2031 20 1036 195 418 200 96 24
645 459 41 2201 1516 2200 254 126 117 548 96
646 788 275 499 257
647 79 80 133 55 87 128 96 78
648 2202 77 115 79 127 74 87
649 135 1185 87 374 376 80
650 2205 790 128 376 2206 2204 2208 1624 1623 1599 1956
651 1583 2211 2209 1240 239 1997 377 681 87 673 442 1277 96
652 250 325 655 7 2213 2212 47
653 2215 1890 2216 2217 191 377
654 2219 964 959 2218 941 2220 306 1094
655 2222
656 2197 277 941 109 2199
657 788 871 119 347 834
658 50 568 2227 2223 2225 413 391 2226 2224 221
659 81 87 74 115 117 127 135
660 1691 277 16 860 1020 1455 934 257 1091 498 1999 1495 858 500 1235
661 36 347 805 1161 7 241 2231 2232
662 210 47 1031 2233 714 118 212 208 776 802
663 134 373 87 75 127 237 74 79
664 231 617 24 465 155 519 57 858 22 156 863 1969 1235
665 1453 36 1249 2234
666 608 36 191 250 289
667 110 52 159 109 511 719 106 453 48 2236
668 98 52 254 127 79 78
669 377 760 81 41 78 1218 80 130
670 2240 2238 2237 2242 1046 100 36 2241 275 151 2239 2187
671 956 1073 1199 72
672 2250 995 2245 1193 2247 2248 2246 2249 846 60 2251
673 1091 527 388 293 109 1664 2252 1088 474 2254 1078 1182 297
674 19 8 13 2255 2257 857 2256 55 895 545 1268 332
675 694 1105 36 89
676 655 34 133 36 442 756 42 209
677 183 252 1073 974 2258 956 2260 957 254 895 167 127
678 2261 267 78 1230 1621
679 1556 875 35 165 2264 52 1923 1594 2013 159 1136 1662 102 1514
680 126 241 52 250
681 2266 1627 2269 2051 432 96 70 824 2271 2268 1893 87
682 109 105 712 102 55 141
683 740 996 36 250 535
684 378 1461 2274 466 2081 232 2272 1229 1397 2275 2273 188
685 118 78 96 47 1126 355 210
686 572 1325 382 656 2278 413 2277 55
687 956 1165 235 2279 355 261 1772 2028
688 254 126 96 192 118 1156 73 253 558 2083 347 269
689 196 460 2280 507 125 1236
690 2283 1020 1503 199 303 280 353 1120 302 776 989
691 377 79 46 78
692 105 307 2284 196 708 221 46 286
693 96 122 47 109 1172 210 70
694 2288 208 2286 2287 822 212 280
695 1558 2289 550 80
696 55 141 882 1798 145 2291 52
697 53 55 1890 105 190 46 52
698 376 374 66 133 41 2297 118
699 50 261 878 184 282 137 413 187
700 132 104 137 46 1781 469 110 133
701 1259 188 52 775 560 1523 2173 47 134
702 686 485 2298 277 886 356 975 2090 1235 257 1353 498
703 275 2301 1812 118 13 445 1268 2302
704 96 915 118 494 119 80 493 126
705 608 887 286 46 109 765 1102
706 2303 187 422 2305 111 821 159 456 508 157 2304 295
707 96 2309 1115 1408 47 445 2308 13 694 2140 87 227 192 332 2307 268
708 192 185 79 1154 184 376 377 206
709 118 41 46 107 35
710 899 254 494 73 74 261 98 96
711 136 1776 2312 793 67 490 128 1228 2313 2311 399 60
712 1454 2316 2315 1979
713 224 2317 109 36 712 52 47 1730
714 102 1133 2323 52 220 119 588 2324
715 654 2325 835 729 132 277 13 861 1083 1634 331 5 1646
716 133 87 1219 47 117 154 75 66 137 832
717 1275 1267 250 2328 1145 502 189 1540 36 192 126
718 571 2046 28 127 78 257 24 275 254 1352 361
719 77 184 73 72 135 79 87 206 98
720 2334 195 1728 2329 2331 2332 2330 1496 314 2333
721 111 2340 2339 154 159 48 453 511 664 878 163 715 1712 989 196
722 1260 105 1253 2272 109 392
723 707 261 475 253 52
724 199 96 1020 2319 210 107 46 118 376 1297 301
725 948 60
726 2343 96 1408 70 522 529
727 1278 185 2081 91 96 2344 87 1051 184 127
728 808 293 118 572 105 799 190
729 47 118 1178 107 989 2345 771 804 1538
730 87 361 72 957 80 132 1325 131 55 230 46
731 46 777 755 354 105 399 1315 55
732 87 185 96 72 254 956 80
733 1471 2351 751 2352 2348 803 217 2350 2349 325 588
734 275 2355 888 2353 2300 2356 277 2065
735 2357 788 36 2358 243 917
736 32 2363 2361 2130 2359 145 2362 1655
737 676 2366 474 2367 356 965 164 2364 2365 27 2369 684 275 1635 546
738 79 74 237 2374 115 2373
739 353 196 1528 2375 55 36 198
740 286 96 2378 442 2379 22 2381 2380 498 861 2376 2377
741 253 655 102 210 563 2383
742 2385 80 127 267 2386 134 863 538
743 134 374 130 364 127 135 118 87 79 133
744 254 637 1754 2393 2391 2388 96 630 632 2387 2389
745 47 870 199 2396 215 869 2395 2397 212 218
746 1586 56 22 890 456 158 196 128 413 24 1496 483 55 107
747 560 267 55 184 171 270 102 1258
748 87 78 74 127 133 79 75
749 2402 72 899 87 919 127 74 185 1258 372
750 764 1756 651 1122 137 2401 391 1445
751 52 46 1777 293 47 2404 190 518 210 119
752 1465 79 87 96
753 2412 2411 2417 2406 2414 2407 2419 2408 2421 2418 2415 2413 2409 1371
754 1389 474 1854 52 46 109 55 516
755 396 1617 60 418 2425 318 2426 510 426 1100 67 2422
756 2428 906 1854 47 427 944 902 224 199 989
757 46 2429 190 141 55 391 105 53
758 2433 2046 2430 295 309 2431 2435 2436 511 664 1526 46 163 2224
759 96 126 378 347 118 2437 535 2438
760 2439 652 1184 945
761 788 1901 221 36 34 2440 347
762 53 223 159 878 858 196 190 511 1494 106 154 111
763 363 2441 364 1523 171 134 1200 80
764 21 2443 1115 2442 893 2371 1754 2445 2307 378 1036 2270
765 126 285 806 221 34 42
766 210 102 199 427 969
767 118 96 36 499
768 1277 66 1219 2450 22 91
769 196 486 35 2451 197 462 1484 2452 474 165 158 156 1512 472 763 57 314 1804 155
770 1091 155 2454 388 517 286 34 2455 457 57 100 2453 356
771 125 1739 210 118 96 216 2456 800
772 2459 286 36 2458 673 1346 57 278
773 1854 1730 1523 41 188 2460 133 352
774 422 510 1248 2463 791 508 844 1483 1513 155 519 157 2466 1419 509 2461 515 570 1325 2467 513 2462
775 2470 827 2471 1365 102 1015 1132
776 2472 302 776 303 1324 137 1869 560 859 915 254 802 47
777 152 2473 211 42
778 2365 676 933 677 945 684 308 314 940 164 541 2332
779 899 77 136 1258 923 2475 386 1889
780 453 163 932 53 235 2477 159 1528 165 2476 2452
781 228 55 392 190 1253 652 46 2478 107 1184
782 2483 1549 1268 2189 25 956 2302 2480
783 79 75 372 2484 185 184 98 2485 77 254 72
784 79 87 75 77 237 1412 377 185
785 674 539 41 32 126 1043 151 132 255 378 377
786 580 2456 208 119 2486 70 303 212
787 390 2487 512 2051 1307 46 510 708 2490 2489 190 391
788 523 941 235 286 114 2492 2491 109 105
789 358 133 130 538 57 2494 192 376
790 1352 1452 129 80 96 1084 131 392 697
791 315 1528 752 2495 1437 151 306 769 2219 741 229 1289 961
792 378 75 2497 102 832 772 2147 1188 255 134 2496 47
793 539 1324 433 923 540 137 206 132 131
794 863 190 105 2498 858 1235 46 55
795 105 890 52 55 187 863 46
796 1300 1748 754
797 2064 771 2501 192 1036 1082 253 476 129 261 1789 2502 118 548 2503
798 242 991 1029
799 188 775 52 36 1523 755
800 109 1346 42 36 1051 708 1347 34 286 2504 1350
801 96 73 75 72 74 135 77 81
802 413 118 1144 1118 528 2027 334 109 835 1236 1427 1085 1739
803 118 1403 135 79 363 87 364 184 267 130
804 932 2516 2508 2514 2511 2517 2510 2509 2515 2513
805 1800 346 1022
806 87 130 185 184 79 374 73 263
807 1172 1523 61 102 52 863 1180
808 2521 2520 101 1011 2003 435
809 79 87 135 171 74 77 134 115
810 87 115 135 80 77 919 951 79
811 96 2523 134 36 841 560 55 118 47
812 928 36 42 1615 109 2525 747 2060 34 285 2524
813 478 38 261 43 35 1518 126 356 118 100 1515 1122 2527 1082 192
814 36 2004 105 512 53 221 2528 163
815 1748 36
816 307 1268 285 123 657 329 439 196
817 1449 445 2268 119 2267 129 2530 46
818 788 523 529 362 2533 740 2317 34 119 1477 526
819 735 105 155 100 1136 302 55
820 1217 165 462 34 325 2534 40 483 1970 2536 2404 2535
821 81 74 31 87 132 127 237
822 431 305 1589 2448 2401 1621 78
823 758 1513 1419 2462
824 1123 1445 1290 738 209 969 657 2538 210
825 124 118 499 474 253 126 55 96 224 1327 376 192
826 118 74 2470 376 127 267 87
827 80 431 87 79 560 494 2540 267 134
828 2541 608 36 141
829 2544 973 4 1608 2543 804 126 860 2545 334 1604 332 1118 1315 329
830 694 771 47 118 915 78 446 96
831 135 81 2546 80 1202 66 2547 237 132 87 2084 73 22 1201
832 2548 74 261 78 73 117 80 253 382 1156
833 545 36 2358 996
834 96 119 286 109 127 46 118 37 764 190 293
835 24 37 1123 211 242 973 17 14 1698 333
836 2549 52 219 46 1016 2550 325 358
837 75 79 115 399 185 87
838 210 882 105 109 388 1438 1327 799 114
839 22 107 1092 132 956 465 197 1536 41 1923 57 165
840 427 589 216 871 776 47 302 494
841 392 2555 2554 2508 2556 2552 1212 70 2553 1022 2285 912
842 1804 40 32 22 223 1136 1851 57 478 456 1415 854 2557 2447
843 2313 397 58 2563 2565 2564 2560 386 2566
844 527 1547 1337 1347 550 286 45 278 1345
845 2567 887 2572 2569 2330 2574 2568 1604 2573 2571 4 2575
846 443 210 47 242 2015 1593 2576 588
847 2577 729 517 519 2578 196 472 2579 314 2452 732 727 156 2580 460 198
848 261 1789 154 2309 2584 2535 2582 41 1984 80
849 772 185 184 538 171
850 346 218 766 1822 1307 325 1514 395 1722
851 542 254 558 1069 2585 1750 956
852 252 2586 2587 293 46 107 1183 764 105
853 766 36 1168 46 657 878
854 0 1267 1270 1272 2230 329 124 4 2589 13 342 321 2588
855 460 519 155 196 2281 574 314 517 582 2591 509 2592 508 156 2593 729 2594 732
856 74 77 126 96 2162 1760 376 1243 2163
857 714 836 303 47 77 215 989 118
858 354 2596 221 2103 388 389 1541 55 2597
859 76 2600 353 2598 2064 1020 708 1911 47 2601 1385
860 2603 135 127 2602 131
861 1034 105 52 36 523 2604 46 318 906 353 2469
862 102 1523 1261 96 78 267 301 2401
863 1003 2608 1128 1438 297 2606 2609 1437 1039 1615 1389 163 2451
864 713 302 2002 280 2233 589 303
865 480 36 273 241 805
866 1502 2612 2505 2610 438 330 335 331 2611 329
867 133 127 46 391
868 46 863 295 267 55
869 13 1138 2613 887 275 445 132 331
870 2615 484 2133 93 1280 190
871 70 1624 1625 1957 601 2619 2620 522 2622 1628 2051
872 2075 2076 772 58 2476 77 713 2285
873 551 500 254 22 354 2254 1406 2624
874 2328 253 96 404 2625 1156 100 80 178 136
875 106 2628 838 1587 235 2478 48 2627
876 1362 2632 36 2629 2630 2430 362 160
877 499 2414 1549 2635 1821 2636
878 55 1589 46 47 102 36 118 548
879 538 79 185 127
880 87 1018 135 74 538 55 923 80
881 1130 124 1016 1523 210 1023 2637
882 24 516 2638 163 1545 2640 1922 187 111
883 1143 406 187 63 254 863 36 39
884 52 47 267 1523 2641 2074 96 118
885 2643 36 197 1105 438 486 30 1397 2642 472 165 355
886 859 96 74 133 47
887 493 37 2493 2646
888 53 55 1108 1662 523 96 1777 52
889 459 289 35 34 928 2648 243 165 1673 158 704 211 531 285
890 2543 654 681 2158 133
891 200 2651 195 1728 2650 1375
892 1556 1175 54 511 1868 78 2654 154 1594 2652 2653
893 1312 2656 36 199 253 1080 1516 727 1044 442
894 2269 1258 376 2657 404 80 372 126 96 77 136
895 96 80 74 134 87 127 79 254
896 756 96 589 102 2321 47 1589
897 79 374 77 288 135 377 919 133 127 2658 87
898 105 1545 223 111 1006 2432 2334 2659 163 159
899 275 1545 155 293 1048 2660 2066 1923 57 865 221
900 354 34 96 41
901 1150 136 102 2664 2663
902 2668 2669 1878 1047 36 87 22 2670 558 2666 450 1923
903 80 185 363 376 206 434
904 814 2679 2674 2677 2676 2680 2682 2673 2684 2688 2683 2687 2675 2671 2685 160 2681
905 280 512 516 109 128 159 508 795 48 2689 163
906 1421 2692 47 235 101 2691 1278
907 1049 118 42 2693 197 298 286 928 34 2446 133
908 2696 951 575 1792 126 377
909 77 74 38 237 238 58 87 192 72 80 81 2697
910 1660 2699 2701 2698 237 137 22 257
911 1650 2705 617 1385 511 1174 2304 2704
912 522 419 507 512 67 508 46 422 735 418 2706 2425 510 2018 570
913 2272 56 1461 37 1526 466 356 61
914 672 377 987 2709 2710 2711 2708
915 438 1672 2017 2013 1005 1289 708 2018 157 1012 511 928
916 332 105 118 47 102
917 499 43 694 257
918 302 78 91 1395 802 713 304 494 126
919 1319 55 304 102 118 47 773 766
920 376 374 185 128
921 2713 74 733 353 1122 2714 154 1406 159
922 716 158 920 165 102 53 48 154 2715 878 615 52
923 74 377 919 75 80 135 79 238 167 98 407
924 42 211 1446 2716 7 655 1076
925 863 1180 102 105 704 613 906
926 47 802 96 267
927 55 112 109 223 36 52
928 2472 1056 41 1052 301
929 698 88 230 74 87 237 918 442 131 118 863 206
930 78 118 135 493 2717 915 446 773
931 36 608 52 1662 1140 1812 46 362
932 804 254 1315 378 655 9 657
933 1612 77 135 1228 104 115 320
934 118 1505 2320 442 126 841 96 435 438
935 275 20 356 257 2719 2661 60 221
936 220 1445 218 2720 2120 2721 522 210
937 2724 146 147 785 788 1942 2723 774 820
938 1889 2726 540 74 376 117 87 66
939 1623 376 77 74 96 72 118 101
940 165 1444 884 388 1109 22 1543 2728 2067 20 277 617
941 2730 221 2347 2290 1541 1668 2252 2729
942 2733 785 788 1140 1719 774
943 1794 498 260 25 28 500 257 2735 499 1896
944 1630 80 386 376 136 96 807 494
945 302 47 652 118 1184 242 210 102
946 250 2737 347 47 96 476 2738
947 376 87 78 2147 185 80 55 187
948 2741 932 2743 677 2740 911 111 56 676 2742
949 374 206 130 1200 184 561 538 77
950 826 2747 2746 2748 1514 54 1015
951 2455 277 109 223 1691
952 704 2750 511 2751 1545 516 159 196 958 163 1416 519 615
953 47 248 755 2752 46 243 105
954 109 1389 293 187 100 882 1174 946 55 1850
955 98 78 1258 361 133 130 376 2435 185 1889
956 57 2505 1526 187 460 1923 61 137 2755 1545 462 451 295 516 438 2476 926
957 493 917 1392 2072 1524 2074 1122 134
958 171 185 1186 365 184 859
959 43 47 171 74 66 91 135 377
960 184 560 81 2757 185 80 1200 377
961 42 1901 2758 52 1100 908 165 318 1689 36 228 1502 878 35 703 1513
962 2760 147 41 2340 2761 1777 820 2764 774 2763 1944 1832 2765 2766 2762 2759
963 21 695 1662 2767 2768 1664 52 854
964 295 2769 275 2047 1799
965 36 191 2771
966 957 261 126 2773 127 477 87 75 2772 635 80 96
967 102 799 277 560 932 105 1523 1254 36 13
968 940 102 2775 219 47 738 2358 119 1261 52 941 1262 945
969 2001 1523 74 560 1871 127 87 52 261 115 80 830
970 102 118 55 46 2777 47
971 75 98 79 55 87 80 127 2281
972 377 79 134 1061
973 2781 2778 2674 2531 2780 1989 54 60
974 32 2161 469 190 221 799 830 499
975 2782 1324 104 1896 293 863 46 117 187 45 295 891
976 2674 774 2787 133 2788 2789 2677 67 2786 814 2783 422 2784
977 243 36
978 494 2427 902 858 47 235 332 1589 1088 221
979 1231 184 267 171 96 79 185 188 135
980 105 47 1880 2791 765 55 46 391
981 2149 67 1385 950 110
982 41 671 2792 1122 1590 1218 47 45 951 95 235
983 356 275 104 1139 46 24
984 2793 159 705 613 704 154 158 1804 2796 165 462 2794 2795
985 2214 141 282 1198 1786 916 608 2216
986 55 46 105 1220
987 190 54 302 102 560
988 445 273 307 4 308 329 5 330 14 498 13 1422 6
989 2814 2803 2811 2799 2806 2812 2807 2800 2801 597 2804 2810 2809 2808 2805
990 235 2816 74 126 1899 106 255 124
991 1325 2817 75 77 117 832
992 217 1091 554 126 347 7 285 2819 36 43 300 673 2818
993 355 2820 37 2020 52 2451 221 495 2375 1807 2535
994 90 104 1871 377 2175 1754 863 126 192 378 39 91
995 832 2823 310 353 155 198 928 2158 1338 473 22 483
996 40 36 190 542 22 2336 445 852
997 2118 654 306 1094 2120 531 928 678 1664 2825
998 307 727 732 519 460 196 2827 1617 34 1530 156 155
999 237 22 361 1234 24 230 469 127 74 132 861 1080 192 1235 295 382 133
1000 91 334 24 1893 2830 2443 445 330 55 2371 1828 441 90 2302 329 1272
1001 276 2831
1002 66 130 232
1003 52 446 209 301 210 47 1979
1004 2833 417 2836 2837 2834 296 928 732 763 519 508 2835 966 517 795 2832
1005 66 2838 87 171 74 127 254 75
1006 1224 42 211 1446 1518 96 209 803
1007 302 714 802 1622 280 713 212 303
1008 52 1615 2840 165 1594 34 704 575 2821 1136 53
1009 386 1228 1612 87 1202 58 2842 81 2841
1010 361 1832 46 96 572 105 109 52
1011 2564 2804 2689 58 2562 397 2846 2843 1228 1579 2844 2560 2845 1612 2561 2810
1012 119 199 1031 52 1319 800
1013 41 2847 2849 52 1277 376
1014 254 72 361 230 1202 74 237 87 117 105 81
1015 184
1016 185 184 137 78 128 1570 79 2058
1017 2851 102 2852 111 2856 1801 53 2855 1484 2014 2853 610 165 2857
1018 87 75 185 79 131 254 74 863 134
1019 10 13 17 2567 329 887 1267 277 320 307 226 334 15 2858 963
1020 873 52 2859 1523 47 102 242 219
1021 235 1143 406 413 772 118 1856 538
1022 104 118 286 55 378 277 1443 192
1023 78 171 202 2862 185 1153 184 115
1024 133 1018 373 78 79 75
1025 36 46 107 105 507
1026 282 916 951 1310 124 2865 74 40 2863
1027 2867 374 171 127 72 134 1153 66
1028 237 270 1258 132 78 923 1324
1029 87 253 1040 552 40 127 2175 1037 899 132 192 1310 202 74 261 385
1030 2253 42 1664 224 289 2795 36 34
1031 115 264 96 87 171 2868
1032 295 668 2702 163 2871 460 510 617 516 111
1033 133 1277 100 115 977 916 544 380
1034 788 2876 2872 2873 774 2874 2771 785
1035 79 184 435 185 206 1590 267
1036 377 286 1742 134 109 126 2877 976 91
1037 1266 2879 800 2880 96 42 250 806 211 2881
1038 879 477 2882 191 36 275 30 558 2883 889 334 956
1039 1046 2884 2885 109 527 221 277
1040 237 184 979 377 232
1041 493 1974 480 1172 124 1877 2162 1122
1042 2347 388 2067 2694 2887 1100
1043 2890 55 46 2889 37
1044 30 478 1723 2819 200 2894 2891 151 38 2893 2896 195 1352 502
1045 2855 508 2465 422 1009 2898 883 512 2897 1005 516 904
1046 926 165 1122 1513 261 903 445 191 35 158
1047 441 1979 118 2861 446 493 874 89 210
1048 133 352 1098 802 1593 782 1118 96
1049 352 210 1122 36 534 286 217 34
1050 2448 863 102 52 302 47 776 305
1051 364 37 564 2472
1052 788 2325 13 275 499 2133 36
1053 676 2669 2900 105 1081 1324 2665 957 1949 684 2902 30 72 24 161 1896
1054 2904 55 109 445 26 52
1055 1912 2907 52 199 2908 2905
1056 200 196 2909 392 1036 105 1728
1057 235 110 399 764 2910 391 863 528 1396
1058 202 371
1059 548 36 243 80 1760 806 1166 261 1162 245
1060 1528 111 882 196 155 161 275 883 516
1061 754 1300
1062 209 98 212 96 210 216 242 47
1063 1240 722 493 2072 2210 2074 2162 124 1974
1064 46 2914 469 105 87 1697 391 2913 389 1186 2912
1065 80 1889 560 52 133 387
1066 2917 74 361 130 128 570 899 80
1067 2856 516 684 320 252 1545 196 2826 2067 1951 223 498 2919 2918 2364 936 164
1068 2089 155 286 160 35 735 508 57 582 299 165 358 1536 196 2013 448
1069 776 325 102 802 560 118
1070 230 922 80 127 895 829 22 74
1071 104 413 572 233 22 55 20 1950 2923 137 2922 2924 957
1072 117 75 137 237 132 130 72 87
1073 1088 613 664 163 1586 2926 36 1416 111 141 865
1074 863 361 131 1589 41 46 957 187 24 137 107 104
1075 134 185 1325 135 130 132 80 74 267 87 127 206
1076 2928 516 1969 107 1078 2135 56 361 1083
1077 487 788 2929 36 2604 1310 352 357
1078 527 1662 483 2199 36 109 114 105
1079 1730 1115 427 526 992 524 119 522
1080 2819 442 681 235 104 1278 223 508 2930 55 673 24
1081 2934 516 2932 2638 790
1082 2199 756 119 527 102 1466 52 124 134
1083 1145 2935 406 1188 901 377 399 1143 919 206 2485 185 184 115
1084 572 117 80 131 47 185 79 78 137
1085 718 670 2096 1989 36 391
1086 294 1662 189 221 97 2937 36
1087 887 22 161 1181
1088 155 156 196 519 846 418 1372 2593 510 419 843 422
1089 36 2938 306 1453 2939 558 250
1090 298 102 243 2942 2941 52
1091 26 501 1057 2943 40 2944 1667
1092 256 1571 1057 499 257
1093 1677 2945 2947 1047 2948 2946 277 883 257
1094 52 53 1144 2463 2949 1535 22 36 235
1095 265 13 191 329 2506
1096 804 2114 1980 216 1523
1097 2598 2952 2131 832 252 1218 2327 2953 233 1469
1098 575 1594 1589 282 1144 118 2116 102
1099 2627 2020 2954 353 378 1257 1587 1851 1440 2955 2065 1395 235
1100 132 53 46 252 192 2064 22
1101 230 1308 109 1325 40 261 957 24 107 55 22 1174
1102 102 2958 2960 2654 2855 2959 2957
1103 116 539 377 115 80 2698 237 87
1104 1982 465 147 2577 30 36 2307 1854 55
1105 2963 2764 1140 785 788 1944 2781 146 774 2732
1106 2965 24 126 20
1107 66 183 2967 96 74 134
1108 100 1528 735 34 195 1514 228 52 315 36 362 155
1109 253 1558 2504 366 899 254
1110 51 1672 468 459 2971 2972 2969 2970
1111 30 36 788 1311 2973
1112 883 2974 2975 277 223 1220 498 1493 445 1492 799 1292
1113 919 2977 2979 24 2155 237 98 230 132 80 131 1336 74
1114 2980 2260 499 118 38 956
1115 36 2823 1777 155 96 151 1353 2648
1116 136 286 361 211 679 1328 114 96 682 358 242
1117 53 46 2983 389 2982 294 295
1118 110 1345 895 55 109 2058 2245 36
1119 2985 45 34 2434 37 52 42 36 1662 55 252 105
1120 35 2989 438 2988 141 1514 46 769 36 2597 1805 695 882 165 2987 2990
1121 2648 2991 52 2120 1042 438 36 771 388 45 286
1122 286 105 2199 1832 477 114 1133 1342
1123 46 221 2994 2992 2597 2993 1235 2890
1124 118 2116 47 2995 55 1144 2996 906 764 833 1020
1125 2893 2999 3000 1073 673 41 2997 3001 2998 558
1126 74 130 3002 79 438 184 98 80 1277 87
1127 399 3003 3004 1469 145 2598 75 832
1128 36 2804 590 2194 3007 53 227 60 959 2771 3005 867 887 897 3006
1129 1424 171 267 134 560 1230 135 79
1130 1721 2009 630 624 42 735 2492 928 35 3009 622 623 196 2505 3010
1131 863 45 107 252 111 104 109
1132 1440 3014 3016 904 1130 3013 3017 613
1133 932 941 164 1115 221 277 224 686
1134 1538 118 1395 756
1135 45 2507 22 57 55 1461 469 56
1136 1372 2810 3019 2814 3020 2806 437
1137 2071 3021 78 167 203 1820 1821 79 96
1138 191 46 36
1139 165 3022 572 110 462 708 24 732 46 197 1114
1140 1523 243 42 36 102 250
1141 353 998 280 1589 102 989 282 3024 133
1142 1754 608 2686 3027 3025 2671 3026 1105
1143 102 55 185 267 133 78 184 118
1144 1809 4 446 545 197 355 254 1700 857 858 55 334
1145 3030 1989 788 36
1146 110 2703 22 141 105 850 97 36 46 1174
1147 3033 827 102 511 3036 3035 705 2748
1148 114 2163 41 53 878 52 951 1103 235 105 267
1149 269 376 522 2083 2269 1410 80 1889 79 561
1150 1496 3037 41 1218 462 554 2102 456 165
1151 22 132 53 116 237 3038 16 407
1152 286 439 34 2199 756
1153 891 353 1018 2030 136 498
1154 184 87 78 115 185 377 91 79
1155 1384 727 200 196 314 155 275 2113 732 2579
1156 3041 46 883 516 882 1416 888
1157 2172 3 3042 7 393 1 242 1907 871 771 2235 1554
1158 3043 54 46 899 608 3045 520 2744 507
1159 159 516 1712 56 165 1586 196 111 57 610 511 158
1160 353 1590 1181 832 91 106
1161 187 1231 243 3047 66 276 1461 1325
1162 3048 1153 184 2935 1154 270 115 901
1163 47 802 494 754 126 1315 1144
1164 184 78 185 76 2159 47 127
1165 46 165 102 608 2434 36 105 35
1166 211 1214 216 362 286 803 250 34 655 1290
1167 1651 2297 377 405 237 919 74 98
1168 3049 134 1696 132 36 171
1169 539 254 3050 87 127 237 137 399
1170 254 237 127 540 863 79 539 87
1171 45 165 391 223 467 399 389 190
1172 51 105 471 109 388 165 154 46 55 1174
1173 364 171 135 365 81 185 363 98
1174 374 135 75 145 73 81 77
1175 72 377 75 91 79 127 87 66
1176 109 286 766 3057 306 3055 277 52 228 3054 3056 523 36
1177 127 933 1952 232 608 363 2372 184 764 568
1178 77 81 2546 1202 661 2843 3003 692 1612
1179 302 3061 47 282 1503 1872 3058 3059 3060
1180 35 769 615 719 2988 111 708 48 165 34 24 670 2587 54 223 196 3008 516
1181 2130 3063 2419 1822 1776 3069 3065 3064 3067 3070 3066
1182 141 237 184
1183 134 55 131 1065 47 78 382
1184 1056 1178 47 1589 46 392
1185 652 1103 3071 105 55 528 614 1140 392 755 46 133 3072
1186 196 928 3074 3073 40 844 32 358
1187 2328 920 47 102 197 906 1276 118
1188 3077 3075 1288 393 3076 928 1216 242 1993 395 36 741
1189 3078 2199 771 3082 35 3080 2315 228 222 1664 2987 224 306 165 1738
1190 499 28 38 498 257 1353 1294 260
1191 391 1798 764 3085 878 51
1192 3090 510 3089 2408 52 2786 411 2418 513 3087 2406 1776 3088 1322
1193 1513 2434 2631 106 3093 3092 318 1315 1325 36 109 929 2272
1194 899 366 87 117 73 79 1258
1195 163 46 55 2023 1541 190 109 107 2290 295 1103 53
1196 135
1197 297 3098 1528 198 314 1531 2194 155 156 3096 509 1798
1198 96 1730 445 52 36 526 994 1091 277
1199 105 46 863 858 1605 252 878 528
1200 2281 253 3099 354 304 52 776 46 133 96
1201 716 3101 3102 2491 941 1437 1132
1202 2009 462 2142 362 1290 209 1362 1721 803 36 3103
1203 109 245 755 446
1204 3106 3105 287 941
1205 76 130 118 2269 441 3107 301 714
1206 3112 3111 3110 147 3109 3108 1883 3114 820 785
1207 951 96 377 98
1208 133 1536 119 438 52 2078 1756 210
1209 36 243 347 241 3115
1210 79 3116 1258 700 134 118 1889 1525 130
1211 325 53 1027 2120 3117 1854 1075 190
1212 217 96 216 806 102 1283 776 589 210
1213 572 55 141 882 105 107 1095 54 708 2064 670 1103
1214 159 1088 48 670 1580 54 1091 852 878
1215 135 1060 79 98 87 919 1258 73
1216 2414 1592 3119 2096 3123 3121 144 3118 813 151 147 3120
1217 655 100 3125 42 393 289 1425 34 395 102
1218 111 196 46 52 159 48 2628 670 483 1416 158 715 878 1545 54 163 2653 53 282
1219 96 3128 210 2554 1437 3129 3126 3127 3130 941 427 3132 936 245
1220 126 1589 187 137 302 245 301 47 1180 78 253 267
1221 782 141 1750 1995
1222 80 1409 185 135 74 127 75 79
1223 80 78 389 118 371 361 520 357
1224 676 3136 1630 617 3135 3139 3140 3138 128 2638 3137 151 541
1225 87 438 96 36 3141 47 673
1226 538 185 184 79 3142 118 3048 133
1227 318 1030 1010 3143 199 197 1015
1228 107 46 118 446 572 475
1229 3146 841 1440 3145 243 2595 244 3147 190 2162
1230 802 286 55 1820 46 126 127
1231 35 36 705 34 208 703 2476
1232 1144 133 52 47 1391 46 126 118 431 302 1593
1233 427 210 1594 1015 2559 280 47 3148 776
1234 36 681 1248 616 157 735 1586 1569 154 196 882 945
1235 951 185 75 137 184 79 901 832 1188 3150 132 377
1236 41 105 822 102 55 52 754 575 46
1237 154 3151 433 196 895 91 1406 104 462 233 860 765
1238 418 1559 515 422 795 512 912 3152 64 419 70 601 136 2464
1239 3154 46 36 187 22 57 2065 104 55
1240 2815 1145 39 3156 1178 2953 674 477 24 221 385 52
1241 76 916 3157 1899 2817 185 206 137 184 832
1242 39 645 622 3158 1494 1112
1243 293 130 712 254 104 1319 118 353 35
1244 700 1080 863 135 374 376 78 1324 185 561 560 47 572
1245 1345 3160 105 2081 56 46 111 1347
1246 36 47 109 863 1255 46 110 382 112
1247 17 1827 16 835 1739 331 1271 14 1270 307 860
1248 46 74 187 87 3047
1249 795 187 508 615 617 1325 422
1250 36 2199 394 1811 1022 346
1251 1163 1166 948 3162
1252 1316 1122 3165 133 96
1253 134 184 185 373 78 1258 698 87 79 538
1254 1311 276 80 87 96 366 127
1255 109 36 685 3167 2197 3166
1256 46 2161 391 305 199 190 133 102
1257 615 670 141 54 51 165 224 48 159 111
1258 190 154 297 51 878 1325 163 48 1004 46 507 719
1259 187 3171 1004 3170 1003 3173 223 55 3168 57 3172 229
1260 221 293 685 387 105 37 55 697 41 2290
1261 1136 3174 3175 1730 3178 3177 904 3176
1262 239 673 57 1278 377 2910 185 206 413 1781 184
1263 459 196 3182 3184 3180 949 36 3183 3185 41 478 556 2541 1973 2786
1264 47 135 80 81 96 130 374 1200 127
1265 1756 1092 770 96 118 109 210 989 55
1266 391 523 55 46 159 1396 187 141 1103 37
1267 303 199 302 1501 3189 118 376 3188 96
1268 126 119 694 2163 715 96 1018 3191 43 3190
1269 356 55 1260 111 46 1797 223
1270 109 352 3195 3192 3193 2604 1182 1168 44
1271 55 1516 354 920 102 118 708 109 54 52 301 199
1272 184 721 185 74 368 98 267
1273 821 212 52 776 302 36 467
1274 2058 1141 1393 413 2719 923 3196 187 137 3197 2065 104
1275 2481 3198 2038 3201 232 988 2460 3118 3202 1773 3123
1276 275 164 3006 1036 1795 887 13 320 332 499 155
1277 726 243 52 1115 134 325
1278 238 87 79 96 184
1279 1395 55 900 1556 1988 1389 190 1868 219
1280 540 203 2337 61 2915 3204 66 893
1281 21 1310
1282 1073 66 726 356 3206 1549 1064 46
1283 2913 98 261 254 3208 3207
1284 145 1228 74 127
1285 185 80 374 364 376 87 1186 134 96
1286 105 1401 45 1397 188 113 56 187
1287 1752 2433 286 1342 34 109 232
1288 2441 66 3211 917 2602 1659 3212 699
1289 110 2489 105 1139 107 765 46 608
1290 1502 209 118 208 212 525 822 199 1098
1291 608 243 775 2058
1292 102 2074 776 920
1293 1199 93 399 759 79 305 47 1190
1294 1324 3213 206 78 133 118 185 130
1295 561 538 1186 923 110 79
1296 48 2271 608 998 1947
1297 305 46 1868 2116 560 302 3214 78
1298 1469 3215 76 473 75 951
1299 301 919 78 714 79 184 76 1315 118 3217 206
1300 87 538 80 692 184 72 185 919 98 135 78 132
1301 256 30 52 275 26 192 32
1302 87 72 100 136 96 269 1651 120
1303 497 1855 24 385 353 238 114 3218 1959
1304 184 76 78 74 96 130 185 77
1305 41 58 115 118 134 1424 267
1306 1664 24 895 1717 2826 624 50 2144 3158 3103 36 637 3008
1307 127 1756 96 79 98 102 267
1308 63 47 109 858
1309 3220 2298 1237 500 3222 2066 1235 50 40 3221
1310 771 118 443 727 24 164 97 197
1311 80 916 74 1697 192 263 133 210 41
1312 87 115 377 75 237 79 98 127
1313 3224 2717 3226 976 1122 493 3225 96 2877 2074
1314 47 36 105 118 96 46
1315 56 48 111 1536 453 104 159 57
1316 87 1659 96 80 171 134 132 63
1317 47 3228 52 100 771 2841 1691 3227 34 286 126 293
1318 413 382 3229 78 104 80 128 2540 136 773 1011
1319 196 574 732 3230 582 843 2590 21 998 2030 24 517 460 154
1320 1408 1034 1325 554 508 899 1342 80 81
1321 96 267 130 376 47 78 118 79 538
1322 2281 574 3237 3234 2592 1236 3233 3235 2590 767
1323 118 104 184 538 131 78 137 185
1324 213 52 3239 119 212 136 208 2323
1325 1889 3240 353 494 1020 110 3046 47 96 1781
1326 391 96 3241 102 47 392 1126 427 105 55 528 1854
1327 171 133 47 247 118 303
1328 210 3242 2402 3243 96 208 1438 827 824
1329 895 572 399 1231 3245 429 46
1330 34 105 46 52 391 221 190 96
1331 533 3249 3250 42 36 3247 3248 2951
1332 72 1040 126 1788 3251 118 120 238 87 74 47
1333 209 3252 216 3255 212 2878 242 347 3253 3254 1029 208
1334 127 465 46 1324 107 733 55
1335 91 2548 923 253 269 261 3256 2083
1336 1722 3260 3258 3259 402 2317 398 401 42 15 1307 3257 35
1337 190 47 392 87 1346 105 3261 127
1338 35 769 3264 1514 165 3040 2660 3262 888 1803
1339 112 732 295 293 109 876 52 187 354
1340 3265 362 3271 3267 3266 1734 3268 3269
1341 277 883 1754 3272 224 1833 3273
1342 3275 3279 3280 3277 3274
1343 608 329 332 3079 4 2882 38 3281 3282 337
1344 1076 658 3284 208 1075 214 3283 220
1345 3286 223 21 1114 2298 1042 3285 3079 1312 295 1618 187
1346 286 155 3288 136 367 3289 1311 119
1347 107 863 2090 457 483 24 361 356 1513 156 3293 2113 3292
1348 119 3235 445 96 2371 499 126
1349 3294 223 111 53 107 221
1350 789 1229 60 157 3297 3296 3295
1351 109 36 46 114 133
1352 1186 46 1185 134 1424 80 96 133
1353 171 134 115 206 98 374 118 87 135
1354 891 738 352 1039 475 681 110
1355 887 22 499 155 227 36 38 498 30 487 221
1356 3303 3301 1413 1659 2912 66 237 135 1463
1357 830 118 41 542 55 52 1524
1358 75 133 399 117 377 1219 55 137 58
1359 3305 883 3294 608 3304 221 224
1360 105 354 118 254 302 47 96 915
1361 47 46 279 3306 764 22 1135 131
1362 538 1258 2520 75
1363 210 1175 457 52 109 3308 111 2066 36
1364 716 3310 44 3309 53 52 16 230 105 102 1015 1126 1131 2469 155
1365 2400 79 98 74 184 1244 75 206 3048 2128
1366 107 1621 1396 764 528 3171 1305 722 54 55 46
1367 81 185 698 374 2603 364 117 135 171 134 130 87
1368 102 109 392 52 36 738 60 1256 1254
1369 3311 1388 393 3102 3312 12 2508
1370 134 81 132 127 74 254 87 75
1371 1325 2564 3313 377 145 66 133 1228
1372 34 96 199 654 60 43 989 776 118 22 36
1373 1257 47 78 777 1583 185 2401 131 832 102
1374 7 771 991 241 2499
1375 267 102 188 41 1259 1397 1589 773 772
1376 102 36 154 55 118 511 221 105 640
1377 110 391 105 382 528 863 190 1153
1378 131 230 126 202 237 1020 2749 132
1379 111 858 3316 1235 16 457 2046 257 22 131 498 2613 265 161
1380 501 259 257 542 3317
1381 1311 2752
1382 915 40 830 303 254 1799 96 841
1383 1388 799 105 44 188 1526 219 1315 221
1384 105 219 109 136 2995 190 124 1364 764 254
1385 1103 388 1502 1347 1091 293 96 235 354 107
1386 37 391 3318 46 145 766 530 392 1103 36 572
1387 334 2120 329 1739 8 1267 36 332 654 307 498 975 1607 52 4 337
1388 171
1389 1085 857 442 104 1318 681 2557 1315 1244 96 334 1395
1390 1526 850 1140 2884 46
1391 72 74 1258 87 75 254 80 830
1392 1217 2504 34 366 2118 1878 285 42 109 879
1393 156 3320 2281 155 314 727 196 2030 486 2578
1394 432 254 96 124 723 55 118 37
1395 105 52 102 55 188 776 46 354 96 41 304
1396 868 560 1020 134 63 1016 159
1397 96 863 3321 52
1398 662 202 3041 2504 371 1348
1399 79 363 80 538 185 135 87 184
1400 163 112 55 391 46 388 105
1401 46 708 572 136 107 111 105 571 863
1402 185 3323 177 116 721 132 269 1477 126
1403 1742 1186 365 3324 171 1156 134 118 1462
1404 413 110 184 2070 75 235 137 187 1315 399 895 36
1405 237 74 171 79
1406 429 190 392 110 2777 46 105 52
1407 392 524 1095 529 525 1477 46 992 522 738 96 52
1408 695 617 141 2299 2436 2046 3328
1409 3329 3332 3331 102 3027 133 277
1410 2548 254 96 87 130 98 177 1889
1411 81 87 98 237 73 132
1412 766 46 703 1255 55 391 1764 863 1678 413
1413 377 72 3333 96 185 75 237 203 133 116 184 79
1414 858 863 1396 1416 1240 235 55 2020 53 2643 353
1415 1180 3012 3334 1130 3335 1261 1389 2652 282
1416 3053 293 221 165 57 55 472 3336
1417 304 569 3338 102 3337 833 118 1126 96 47 210 1015
1418 3339 196 1310
1419 393 346 991 52
1420 133 617 956 356 286 37 1551 452 355 54 40 1220 854 20 34 36
1421 979 1575 377 788
1422 210 165 126 3341 1216 300 218 3340 253 395 216 3257
1423 237 131 413 861 957 127 72 3342 74 24 117 3151
1424 87 74 372 80 127
1425 1040 96 52 119
1426 2562 2054 1258 77 1570 1232 58 128
1427 114 1253 286 102 523 96 46 105
1428 55 2231 164 191 500 499 36 2180
1429 568 523 52 141
1430 105 36 2069 1315
1431 212 3343 304 3246 1523
1432 3344 81 957 131 79 230 919 117 1789 137
1433 277 273 934 937 935 224 933 3346 3345
1434 43 835 1082 655 118 1118 337 1272 276 446 209 6 2256 0
1435 80 74 107 130 137 378 1200 77 118
1436 137 55 184 79 87 185
1437 184 538 135 79 78 376 185 130 98
1438 391 105 1080 863 190 3349 3350 133 115 55 230
1439 124 494 210 47 118
1440 131 3355 1404 1322 808 3359 474 863 495 3357 3356 3358 286
1441 102 989 738 109 47 52 210
1442 72 126 3360 254 87
1443 2577 3361 3363 3364 141 882 799 1057
1444 308 2085 1662 887 3369 527 2474 3365 1636 3367 852 3203 3366 1046 1495 502
1445 96 34 3 209 215 42 902 944 154
1446 196 197 3372 3370 3354 1363 459 165 1131 866 102 1031 137
1447 353 22 24 465 3373 3374 321 1267 2950 38
1448 2330 2406 1493 3376 2666 141 3375 128 1088 422 727 889
1449 34 90 3092 1662 1554 507 286 211 285 314 756
1450 24 2645 2506 1555 3175 3377 1546 56 223 1004
1451 3380 3382 254 1220 3386 3379 2098 3381 893 3385 478 3388 880 3384 3378 2336 3383
1452 788 36 359 3390 447 1526 1236 774 57
1453 36 1140 346 2318
1454 206 1258 80 77 87 698 137 185 1324
1455 151 1041 3392 96 36
1456 3393 388 24 104 187
1457 560 1186 135 130 79 699 66 73 80 3394 98
1458 2234 132 899 469 87 135 127 80
1459 3395
1460 118 297 388 36 703 109 1396 286 354 105 2254
1461 96 134 863 22 54 80 356 560 131
1462 111 388 252 110 2290 104 54 55
1463 928 3398 3399 1010 165 3269 1514 1528
1464 36 189 191 608
1465 991 241 726 242 118 756
1466 2359 2719 3401 3086 296 499 21 2418 2414 161 145 491 3088
1467 2649 3233 129 3406 3404 767 261 445 3238 3403 3223
1468 72 254 32 557 207 2700 2065
1469 276 2098 1117 740 36 3351 3104 145
1470 74 378 233 55 842 957 104 399 137 1918 469 2923 1141
1471 80 184 79 522 118 1278 115 239 120 3020
1472 117 1325 1392 354 66 110
1473 96 74 43 302
1474 476 1801 105 2512 1023
1475 119 115 976 118 87 46 1277 52
1476 13 1347 681 104 275 1973 277
1477 3415 419 3411 3410 511 1343 3413 3299 3414 670 3416
1478 34 1225 45 289 250 1673 36 42 43 3418
1479 2273 387 572 137 190 187 772
1480 3420 727 3083 486 154 3423 36 196 3161 198 1617 519
1481 859 863 55 302 171 184
1482 413 2868 104 79 3425 80 3196 202
1483 1222 1022 928 541 2554 932 306 52 395 3426
1484 46 55 267 2147 184 137
1485 418 70 3428 1960 3429 3427
1486 540 87 238 72 539
1487 1775 1122 305 243 2879 96 480 46 118 3430 216
1488 96 124 3431 373
1489 72 75 81 78 135 127 87 73
1490 3432
1491 720 24 250 3433 154 3434
1492 756 527 96 3435 3437
1493 3438 325 395 2516
1494 297 3186 56 883 224 223 765 187 55 2066
1495 3441 114 3442 133 107 131 63 2602 78 46
1496 1204 52 524 20 1662 992 223 46
1497 96 1283 2323 2264 385 770
1498 118 79 830 87 134 96 364 171 184 538
1499 0 118 835 8 332 1315 1020 1739 915 337 3356
1500 637 1798 36 1754 3444 3445 624 928 1181 3349
1501 55 235 772 118 301 1122
1502 3446 45 2028 1259 36 1231 46 1016
1503 133 41 560 171 102 2232 87
1504 1396 105 353 55 52 267 46 114 1235 863 1662
1505 133 47 102 118 78 190 46 105
1506 87 1186 376 372 374
1507 61 1494 57 104 20 382 353 413 91 187 159 472
1508 155 3448 516 508 2593 196 888 295 519 422 3262 621
1509 237 127 230 131 137 861 2777 187 3449 472 1412
1510 105 360 572 356 52 1234 55 24 357 3451 275 1517 46 1079
1511 78 116 1542 1754 1395 133 1369 55 1756 235
1512 79 135 96 254 923 78 127
1513 70 128 67 3454 3084 1565 3452 3453 3187
1514 391 387 1545 821 528 572 109 1103 523 55 105
1515 241 1189 325 34 42
1516 2292 60 2804 3459 1479 309 3458 2296 845 36 3455 2246 1372 3457 3456 2295 2294
1517 87 127 1623 135 73 72 378 601
1518 3460 2674 20 165 486 1236 735 3461 36 2969 2531 52
1519 109 875 102 197 438 118 1986 906
1520 608 1140 36 362 2647
1521 118 96 126 3462 47 493 834 43
1522 72 238 254 237
1523 392 2627 1253 46 55 764 105 1389
1524 261 357 253 863 1308 1082 80 3465 361 3464
1525 141 109 527 46
1526 1091 295 442 47 106
1527 191 662 166 541 36 1303 1347 3300
1528 1046 287 964 746 961 100
1529 230 2514 1315 297 163 1257 2252 1972
1530 2199 1662 481 1664 36 55 109
1531 104 137 1504 131 233 134 374 1231
1532 74 127 96 832 133 130 237 115
1533 145 1469 233 712 110
1534 3409 156 2461 2722 617 3470
1535 187 3472 1127 2554 3473 102 53 3127
1536 3475 1386 2243 3474
1537 117 385 3477 3478 3379 132 1918 254 81
1538 1528 3479 196 3174 462
1539 107 530 46 2884 196 956 1961 20
1540 78 2485 77 55 2020 75 79 237 72 137
1541 130 127 80 128 87
1542 2601 391 46 528 764 96 878 53 107 114 3481 1095
1543 20 223 275 227 354 883 104 487
1544 511 3352 3171 516 1088 109 1091
1545 477 134 104 915 22
1546 608 3484 1672 479 155 1528 20 2031
1547 1854 219 543 427 242 1115 1172 1980 3485
1548 239 185 55 184 87 116
1549 276 3486 63 2071 130 2953 1889 78
1550 443 280 286 1979 52 35 2340 40 1442 3487 727 1327 1502 1031
1551 582 854 155 1308 356 522 3488 519 46 3489 70 1114 844 314 163 1617
1552 1324 128 46 199 776 361 1583 389 1278 107 105 764 863 242
1553 137 698 2147 863 1413 79 171 1409
1554 714 199 208 776 302 1119 1503 47 398 303 802 3490 210 713 589
1555 2890
1556 212 2015 45 2013 703 55 1122
1557 46 22 52 523 2290 354 190
1558 158 418 959 2299 2030 57 155 449 2330 676 164
1559 801 184 3217 1452 3491 1760 126 301 255 96
1560 2058 941 945 932 873 210 52 902 3492
1561 752 165 1216 704 1514 35 2012 2694
1562 442 1278 131 2501 239 821 1448 433
1563 135 96 98 1258 117 261 81 55 118 1889 80 74
1564 442 632 2009 286 1225 36 42 1342
1565 3497 3375 2415 1010 395 519 1586 2365 541 512 615 617
1566 127 87 1200 131 80 72 3241 96 1258 1364
1567 125 2289 124 776 120 601 3498 807 119 1624
1568 210 96 74 199 291 1969 26 2554 3499 941 36 242
1569 2360 3501 3502 3500
1570 131 41 1345 78 46 105 527
1571 3503 513 187 128 297 2058 56 154 159 1009 1712 111
1572 770 361 55 295 96 237 708 107
1573 2054 1020 87 373 184 75 74 80
1574 79 118 171 3504 78 46 374 134 863
1575 96 102 267 3505 1324 2269 131 171 47 254 105
1576 157 795 1449 178 3507 426 3508 291 1321
1577 3509 87 1153 115 133
1578 1079 114 2184 55 2593 681 102 1342 523 738 235
1579 133 80
1580 4 1262 305 242 337 280 3510 224 871 164 971 47
1581 257 118 2302 1053 1055 1058 96 1052 754 1457
1582 206 267 863 79 131 808 538 923 433 1258 96 137
1583 382 265 2950
1584 37 52 190 391 105 46 57 34 1303 2161 764 96
1585 100 3494 2522 1022 3511 928 1289 1216 3512 3513 945
1586 131 87 79 185 117 919 373 206
1587 52 2123 2890 715 3514 147 1140 774
1588 507 957 129 1388 209 2175 2887 735 1073 7 63 3516 325 453
1589 243 188 46 36 55 52
1590 78 305 282 1259 61 1016 133 46
1591 457 221 55 36 155 57 46 1374 419 24 3518 572 903 483 3517
1592 77 3519 2064 554
1593 1103 52 109 688 306 882
1594 1463 184 254 560 118 171 267 363 87 1186
1595 3522 614 878 2290 2023 799 3521 1543 1545 3523
1596 105 3526 3525 3527 45 1181 1526 1469 223 159
1597 951 377 2566 87 1202 81 58 66 399 127 73 74
1598 1140 36
1599 3244 3529 366 1955 136 899 807 3528 254 1322 590
1600 3533 3481 3338 96 3531 1126 2319 3530 3532 916
1601 96 117 66 72 185 74 137 237
1602 295 55 266 1092 46 47 1589
1603 159 187 118 96 55 190
1604 499 96 729 1318 36 293 445 57 55 957 245 388
1605 58 117 87 130 1612 80
1606 445 1082 87 131 253 1324 1310 1083 1678
1607 483 1136 3541 732 3540 3539 1585 517 3537 509 155 1005 727
1608 1395 52 1556 906 102 878 159
1609 540 3545 185 3544 3547 184 3546 919 1659 862 3542 203 1187
1610 105 55 560 102 1523 118 47 96
1611 45 57 36 3548 109 223 613 56 141
1612 37 159 541 1555 235 462 118 1528 453 136
1613 708 165 613 1502
1614 80 135 75 133 87 377 96
1615 102 427 126 325 124 96 243 244
1616 548 87 372
1617 3549 134 135 87 81 171 254 88
1618 131 81 723 698 1325 184 98 137 135
1619 392 295 755 799 1253 391 46 190
1620 354 36 54 3552
1621 378 3554 113 1240 998 52 2643 946 261 3553 1526 1595 1131 1397 3555 124
1622 276 3371 3556 433 3557 1044 472 413 3558 24 104 40
1623 190 3559 1466 105
1624 1198 2806 366 3024 270 2488
1625 78 80 130
1626 79 132 254 538 130 131 80 185
1627 1127 2959 3568 3566 3565 3563 1184 3562 392 944 2960 1135
1628 1122 2162 3569 1523 134 1754
1629 1078 1556 2815 878 154 3570 53 891 105 1103 3441 1140
1630 2554 427 130 102 377 902 657 210 303 941
1631 528 861 329 1397 127 114 858 134 863 55
1632 5 314 1740 320 3575 3574 307 678 1608 3571 3573 1271 4 1272
1633 74 80 87 361 133 127
1634 433 118 96 413 134 131 185 104
1635 52 1255 46 55 832 2434 105 91
1636 1797 863 55 1253 391 1255 105 235
1637 382 235 53 223 46 104 105 159 55 52
1638 371 80 1788 87 3576 73 1141 373 75 135 127
1639 1697 87 3578 1806 206 185 270 406 184 3020
1640 445 227 27 474 557 765 187 500
1641 712 114 498 159 46 105 1095 2028 2719 1874
1642 21 159 74 483
1643 1140 228 1732 60 250 347 3579 788
1644 3580 3583 3581 675 292 832 542 442 3582 1580
1645 6 2235 2589 331 3584 1699 971 2158 968 273 333 10
1646 756 860 653 96 1547
1647 863 105 223
1648 98 2719 34 1057 26 55
1649 608 191 1277 98 377 184 473 78
1650 3587 3588 3591 3589 3590
1651 1548 3595 3593 3170 3168 46 44 463 3173 3594 3597 618
1652 131 66 230 956 2071 237 267 80 72 405 22 539
1653 923 79 184 185 1258 434 135 363 206 171
1654 127 141 548 126
1655 708 382 314 1586 100 2949 111 291
1656 3604 3601 3603
1657 3605 3606 112 295 163 190 1103 1396
1658 237 79 539 1199 1412 171
1659 1130 1015 3607 1012 210 906 2797 1986 1126 2015
1660 2499 726 250 242
1661 3609 715
1662 394 241 393 250 3610
1663 221 2287 3032 676 940 795 3426 3611 677
1664 2905 523 3069 3084 3612 190 2120
1665 76 363 538 185 63 206 79 135 434 184
1666 608 147 3614 3613 1140 141 35 462
1667 3615 973 1254 1016 1604 871 2543 2567 446 114 971 1606
1668 96
1669 210 3617 1372 1124 3619 3620 3621
1670 241
1671 132 630 484 2279
1672 128 3624 74 1465 951 81 3625 45 135 385 75 58
1673 1525 55 859 772 184 118 2338 437
1674 87 77 127 120 135 74 133
1675 735 844 727 856 2593 2467 2706 1010 795 460 512 196 1528 508
1676 114 878 2662 90 53 334 104 551
1677 46 36 572 442 35 3627 528 119 107 388 37 752 2605 1389 1030
1678 419 475 111 36 1477 52 286 1389
1679 538 1258 47 135
1680 3630 542 1294 74 1411 1293
1681 3634 3639 3637 3635 3638 3632 2785 551 3633 3631
1682 1545 1677 883 2609 223 617 2353
1683 197 353 1136 3641 196 865 1010 1528 158 928
1684 1217 3642 285 1225 36 655 947 450 3092
1685 998 119 510 3643 53 196 96 1535
1686 141 568 2429 36 2647
1687 119 3644 2073 2289 70
1688 3646 577 119 1236 1873
1689 2371 1071 608 1988 3201 951
1690 3624 951 377 77 90 74 3647 128 2311 41 127 75
1691 1202 81 127 74 87 77
1692 2013 197 1503 356 1098 54 199 253 212 358 989 280 159 776
1693 376 136 102 128 120 1630
1694 185 2336 79 126 74 363 90 1143 134 3648 435 238 2335
1695 673 187 133 47 134
1696 22 257 882 799 1677 221 277 3649
1697 2003
1698 74 540 133 237 288 22 254 131 957 137
1699 45 159 3282 608 223 3580 1807
1700 3423 252 108 1091 1467 1650 1003 878 297 279 1128
1701 47 1502 40 560 302 915 118 863 133 52 96
1702 3656 1333 2031 3654 161 3658 3292 474 32 3653 729 362 883 727 3517
1703 540 539 41 74 80 45
1704 1502 96 863 252 184 116 134 114 79 385 47 132
1705 353 22 413 187 2065 1308 137 1324 1325 1487 1081 104
1706 863 1183 388 392 112 1416 571 187 46
1707 3660 3659 601 1893 2268 1623
1708 36 785 2063 1126 2577 3661 2683 774
1709 275 1235 22 132 295 516 989
1710 1258 863 77 1306
1711 2429 3423 1091 352 141 2586 920 102 55
1712 105 190 107 391 764 112 55 3664 1386 1396 46 1103
1713 133 102 118 431 267 42 1589 652
1714 98 185 1410 269 171 3442 376 714 184 96 1888
1715 53 518 799 100 2795 821 163 46 3298 708 1103
1716 3261 284 3665 119 286 895 1798 45 125 211 1288
1717 767 118 1324 96 187 90 3666 35 802
1718 118 47 494 2839 254 303 302 199
1719 22 2985 891 223 24 231 2353 2498 1257 131 1416 276
1720 2966 145 2360 625 1091 3670 24 623 645
1721 307 378 1144 498 442 36 1020 879
1722 3672 3671
1723 155 2161 196 20
1724 3674 1308 1089 3673 164 941 933 887 895
1725 563 2382 740
1726 301 118 477 96 43 80 210 242
1727 52 252 46 3676 918 109 1662 1461 105 467
1728 118 194 267 36 171 188 897 1259
1729 105 163 473 3678 3677 878 670
1730 3680 1901
1731 78 1974 190 1589 305 391 1255 105
1732 445 487 3683 22 3686 3687 1326 3684 685 3022
1733 655 7 1329 3688 217 288 3689 36
1734 1754 22 1448 399 1315 66 2835 245 126 1110 492
1735 1122 131 210 34 190 24 286 187
1736 830 859 2696 254 55
1737 55 1396 107 3690 1103 392 391 2739 105
1738 187 235 254 1545 109 286 858 134
1739 3441 2910 3692 111 1175 55 2469 1128 1255 44
1740 918 764 1231 1545 1662 46 2643 1259 105 55 467
1741 70 1448 96 2269 120 136 77 80 808
1742 235 159 876 1248 1883 3694 1021
1743 271 442 254
1744 60 1556 102 980 979 232 906 128
1745 3365 3696 257 799 235 3697 1592 2065
1746 184 364 185 437 79 1814 47 863
1747 136 1228 270 184 832 185
1748 3700 764 1691 2298 3298 107 1003 2385
1749 72 66 127 87 102 98 1278 232 673 377 442 131
1750 571 105 1095 2900 3186
1751 1202 539 3701 1612 22 196 3702 185 87
1752 190 105 47 102 52 210
1753 3579 755 96 771 52 806
1754 3704 510 136 795 3705 415 515 376 54 426 2028 128
1755 1438 940 3707 106
1756 3709 1309 314 939 34 486 763 195 200 196 483 727
1757 276 74 75 334 446 385 399
1758 105 36 102
1759 314 2579 508 275 2030 196 519 2649 510 3712 3711 3710
1760 2008 1720 3597 624 1721 1583 2142 2143 629 35 3714 3713
1761 46 3715 158 105 33 104 456 57 1051 35
1762 834 52 805 948
1763 127 74 378 22 276 98 923
1764 96 389 232 2703 141 3717 459 3718 45 1218 413 56
1765 2604 2462 2730 355 282 1859 1545 1190 950
1766 1426 459 401 3719 956 192 197 438 1496 187 442 36
1767 131 109 80 202 127 66 130 382
1768 125 580 504 243 96 250 802
1769 250 347 740 726 97 242 34
1770 654 2856 1752 54 36 879 2340 993 44
1771 185 204 80 363 923 859 2160 202
1772 3720 3722 3721 1036 3386 3724
1773 3725 794 3191 1513 515 426 422 1011 1628 508
1774 601 769 155 3726 2264 1482 2579 418 1092 3728 3727 67 531 965
1775 990 864 55 159 54 941 1650
1776 235 252 3407 104 3730 3677 607 3732 770 2193 2065 1126
1777 1542 106 1257 3245 858 46 3734 231 107
1778 776 1869 235 210 3735 118 998 732 282
1779 594 3737 1956 128 366 3736 418 590 3739 1711
1780 53 52 141 154 1108 608 102
1781 188 3156 46 1589 52 863 102 105
1782 1972 286 476 163 3740 105 313 870 1315
1783 542 2311 80 128 796
1784 1523 1151 1980 242 241 325
1785 478 1646 224 2674 1455 971 2826 438 343 732 24 1237
1786 385 1589 1144 2782 1604 96 78
1787 3752 962 3748 3751 362 3745 3744 1512 3750 3747 2969 763 3749 959 3746
1788 24 155 486 198 460 509 196 727 2452 2264 967 517
1789 2152 2736 306 102 395 358 2168 3034
1790 96 1446 243 571 46 105
1791 106 46 413 111 163 233 159 110 36 361
1792 96 55 528 105 764 446 46 722 1253
1793 399 276 3755 55 353 1197 45 483 1043 46
1794 462 52 46 1298 391 118 105 107
1795 799 879 1105 883 277 109
1796 209 210 578 286 42 657 1777 16 803 927 36 756
1797 3757 1179 1823 483 3758 472
1798 1078 2281 361 105 356 360 231
1799 832 1153 75 206 267 115 72 79 3760 135 184
1800 2162 236 3533 1122 55 353 1974 493 1240 1775
1801 524 765 46 413 118 136 104 111 187
1802 538 98 184 137 185 373 80 72 74 377
1803 118 96 2696 3762 254 52 560
1804 135 413 538 434 3763 78 3213 363 206 267
1805 293 1092 1104 190 2353 57 55 1341 112
1806 3768 275 3769 1209 887 3765 109 3767 36
1807 121 137 267 1122 3506 1868 3771 3533 572 55
1808 314 854 155 2068 198 517 1236 3772 732 1968 474 729 460 2856
1809 34 1397 1234 1235 457 652 858 209 133 107 40 3774
1810 1671 70 632 3775 844 54 622 462 35 118 644 24
1811 127 80 916 74 72 1144 919 857 923
1812 111 3776 105 2065 165 413 571 22 252 223 235
1813 187 923 22 863 133 78 572 105 55
1814 1183 764 55 118 46 105 1858 388
1815 1712 3777 516 2517 453
1816 3779 1725 1114 290 279 1351 1051 3781 3780 2531
1817 1258 74 132 957 72 374 73 77
1818 55 399 74 187
1819 74 356 2020 55 1310 1783 1092 1754 27 354 1082
1820 237 252 131 1556 184 55 282 185 1651 133 230 137
1821 304 352 254 2401 96 278 302 47
1822 217 1122 36 1263 250 756 97
1823 2652 2013 305 1502 102 713 920 1024 302 3016 1594 53
1824 154 143 158 3782 1114 104 51 3008
1825 3783 250 708 3605 105 122 36
1826 1315 555 446 13 334 4 1699 1551 871 441 857 242 96 1442 126 6
1827 3785 3041 20 445 893 883 277 483 155 278 200 196
1828 879 3791 2429 3787 1798 1616 3790 3788 2060 3786 3792 1952
1829 48 165 3795 3794 197 3793 617 883
1830 3796 499 2665 36 3797 191 867 30
1831 96 3798 655 1167 726 242 254 126
1832 377 3799 76 79 374 1258 184 185
1833 4 1315 100 3803 3801 273 2158 277 498 3802 3800 8
1834 126 2787 1760 2976 245 3805 1743 555 3804 3388 2279 893
1835 192 78 920 55 1126 1015 110 102 91 235
1836 3359 957 80 261 102 117 526 276 40 404 352 770 192 237 378 673
1837 418 376 77 87 3569 22
1838 211 1975 2170 3807 1554 1682 3806 324
1839 1857 184 66 87 237 73 135 2071 79 1651 77 1452 3808
1840 1277 389 105 48 2028 165 292 1580 1777 3809 55 832 442 56
1841 772 388 293 118 55 3810 802 54 96
1842 99 1199 80 96 79 98 88 126 3811 101 216 131
1843 857 2255 545 1427 655 1315 3814 3813 1115 3812 444 2256 1118 0 334 242
1844 827 776 1869 214 3816 589 212 3817 3818 1690 1076
1845 98 893 539 132 951 406 55 254 126 1143 798 2485 1047 253 1919
1846 235 91 1315 118 114 1538 832 3551 47 1590 46 754 1556
1847 134 210 102 118 1156 52 96 376
1848 127 66 204 660 185 74 3821 132
1849 79 270 98 263 473 1395 951
1850 975 910 237 22 133 132 3823
1851 47 1315 1395 1461 2427 134 1015 254
1852 36 1092 446 754 52 118 47
1853 52 124 325 1401 522 2976 774 40 252 119 3313
1854 900 809 270 115 282 377 671 185 305 1556
1855 275 1618 3825 487 257 196 3630 1476 156 735 22 887 155
1856 1393 413 495 712 2058 45 56 154
1857 271 499 1540 275 1140 502 2661
1858 392 105 863 55 1183
1859 3826 295 52 107 1095 516 2927
1860 66 118 374 96 81 1258 47
1861 77 46 87 1612 1202 73 141 1232
1862 223 2975 944 306 657 677 654 3201 225
1863 2293 3528 1322 1956 3453 1487 3428 254 366 1955 3827
1864 1555 45 46 105 391 159 53 388
1865 141 2429 1140
1866 3831 377 2210 832 1439 1441 133 980 3830
1867 3714 3834 2234 3833 644 2847 632 3832 2686
1868 1891 3040 109 1536 1664 197 388 354 891 1103 57 221
1869 1328 2910 293 1347 55 1092 46 356 36 107 54 105
1870 508 196 3841 727 908 100 3709 844 2617 486 509 3836 1513 3838 763 519
1871 1 1289 3 12 1990 289 1641 1906 3494 284 1991 217
